<?xml version="1.0"?>
<opencv_storage>
<image_width>1600</image_width>
<image_height>1200</image_height>
<camera_matrix type_id="opencv-matrix">
  <rows>3</rows>
  <cols>3</cols>
  <dt>d</dt>
  <data>
    1.7665001354193548e+03 0. 8.1748885450142586e+02 0.
    1.7625332695956029e+03 6.7114549896100618e+02 0. 0. 1.</data></camera_matrix>
<distortion_coefficients type_id="opencv-matrix">
  <rows>1</rows>
  <cols>5</cols>
  <dt>d</dt>
  <data>
    3.5524872710714153e-02 -2.7852742568991956e-01
    1.1476904001174463e-02 2.5880585944984386e-03 8.8162491028320267e-01</data></distortion_coefficients>
</opencv_storage>
